image: sigverse.pgm
resolution: 0.050000
origin: [-2.523049, -8.214197, 0.000000]
negate: 0
occupied_thresh: 0.65
free_thresh: 0.196

